alpha 	beta	V		CdA_ke	ClA_ke	CsA_ke		CrAl_ke		CpAl_ke 	CyAl_ke		
----	----	----	----	----	----		----		----		----			
40		30		17		0.2082	0.03809	-0.03908	0.01296		-0.02051	0.003778 
45		30		17		0.2127	0.05087	-0.03180	0.01254     -0.01870    0.003473 
50		30		17		0.2160	0.05217	-0.02768	0.01173     -0.01822    0.002182  
55		30		17		0.2170	0.05545	-0.02665	0.01048     -0.01821    0.0007446 
40		60		17		0.2233	0.02453	-0.03991	0.01219     -0.01305    -0.001172  
45		60		17		0.2304	0.01740	-0.04415	0.01611     -0.01270    0.0001821 
50		60		17		0.2298	0.01961	-0.04161	0.01514     -0.01372    0.001426 
55		60		17		0.2342	0.01787	-0.04288	0.01699     -0.01365    0.002574  
