alpha 	beta	V		CdA_ke	ClA_ke	CsA_ke		CrAl_ke		CpAl_ke 	CyAl_ke		CdA_kw	ClA_kw	CsA_kw		CrAl_kw		CpAl_kw 	CyAl_kw	
----	----	----	---		---		---			---			---			---			---		---		---			---			---			---		
25		0		17		0.1457 	0.04466 -0.001593	-0.0001326	-0.01490	-0.0002691	0.1535 	0.05112 -0.0006138	0.0004203	-0.01483 	0.0003737
30		0		17		0.1511 	0.05371 0.002367	-0.0005547	-0.01574	-0.001425	0.1647 	0.05549 -0.0002737	-0.001098	-0.01451 	-0.001367
35		0		17		0.1616 	0.05600 -0.001895	0.0002068	-0.01626	-8.730e-06	0.1703 	0.06109 0.00086780	-0.0005477	-0.01584 	-0.001006
40		0		17		0.1729 	0.06239 0.002382	0.0005124	-0.01618	0.0003532	0.1850 	0.06157 0.007145	0.002783	-0.01599 	0.002110
45		0		17		0.1849 	0.06266 -0.001041	6.716e-05	-0.01758	-0.0002228	0.1988 	0.06873 0.003137	0.0007222	-0.01262 	6.494e-05
50		0		17		0.1953 	0.06431 -0.001233	-8.712e-05	-0.01614	-2.931e-05	0.2176 	0.07156 -0.002986	-0.0006275	-0.01755 	-0.0008386
55		0		17		0.2024 	0.06488 -0.0004995	-0.0008701	-0.01364	-0.0004912	0.2262 	0.06756 -0.0002876	0.0005317	-0.01879 	0.0002317
60		0		17		0.2060 	0.06765 -0.003631	0.0003362	-0.01317 	0.0002286	0.2371 	0.06075 0.0007181	-0.0002856	-0.01713 	-0.0003547
65		0		17		0.2143 	0.06472 -0.002535	0.0004116	-0.01294	 4.104e-05	0.2374 	0.05821 0.003294	0.0001939	-0.01166 	0.0003190
