alpha 	beta	V		CdA_ke	ClA_ke	CsA_ke		CrAl_ke		CpAl_ke 	CyAl_ke		
----	----	----	----	----	----		----		----		----			
25		30		17		0.1781	0.02747	-0.04336	0.008543	-0.01839	-0.002476 	
30		30		17		0.1843	0.03184	-0.04626    0.01037     -0.02095    -0.001964 	
35		30		17		0.1929	0.02991	-0.04636    0.01049     -0.02101    -0.0006726 	
40		30		17		0.2013	0.03116	-0.04622    0.01240     -0.02049    0.001387 	
25		60		17		0.2138	0.02731	-0.04916    0.01028     -0.01049    -0.008093 	
30		60		17		0.2147	0.03656	-0.04232    0.01162     -0.01260    -0.006557 	
35		60		17		0.2177	0.03578	-0.04262    0.01332     -0.01437    -0.003312 	
40		60		17		0.2209	0.02638	-0.04299    0.01305     -0.01383    -0.001494 	
