alpha 	beta	V		CdA_ke	ClA_ke	CsA_ke		CrAl_ke		CpAl_ke 	CyAl_ke		CdA_kw	ClA_kw	CsA_kw		CrAl_kw		CpAl_kw 	CyAl_kw
----	----	----	---		---		---			---			---			---			---		---		---			---			---			---
25		0		17		0.1370	0.03546	0.0001560 	0.0002053	-0.007105	0.0001669	0.1431	0.03395	0.001468 	0.0004287	-0.008491	-9.279e-05 
30		0		17		0.1461	0.04537 0.003037 	0.0005209   -0.01055    0.001062    0.1503	0.04695	0.007746 	-0.0009321  -0.01000    -0.0004870 
35		0		17		0.1556	0.05009 0.001431 	0.0001594   -0.01298    8.867e-05   0.1651	0.05105	-0.001572 	0.001243    -0.01033    -3.417e-06 
40		0		17		0.1632	0.05282 0.0003390 	1.365e-05   -0.01392    -0.0001182  0.1760	0.04950	0.002840 	0.0006559   -0.01042    -0.0001190 
45		0		17		0.1714	0.05567 -0.0001469 	-0.0006631  -0.01426    -0.0005537  0.1900	0.05180	-0.0001558 	-0.001022   -0.01193    -0.001126 
50		0		17		0.1849	0.06215 -0.002661 	-0.0004049  -0.01259    -0.0002872  0.2055	0.05649	-0.001652 	0.0002152   -0.01406    0.0001936
55		0		17		0.1937	0.06472 0.003781 	-2.531e-05  -0.01271    3.008e-05   0.2160	0.06483	0.002890 	-0.0002821  -0.01339    -0.0002378 
60		0		17		0.2016	0.06848 0.0001893 	-9.871e-05  -0.01236    -0.0001050  0.2290	0.05733	0.01112 	-0.001389   -0.01323    -0.0005796
65		0		17		0.2086	0.06089 -0.001244 	-4.519e-05  -0.01364    -0.0003226  0.2235	0.06588	-0.001845 	0.0007710   -0.01267    1.628e-05 
    
