alpha 	beta	V		CdA_ke	ClA_ke	CsA_ke		CrAl_ke		CpAl_ke 	CyAl_ke		CdA_kw	ClA_kw	CsA_kw		CrAl_kw		CpAl_kw 	CyAl_kw	
----	----	----	---		---		---			---			---			---			---		---		---			---			---			---		
25		0		17		0.1449 	0.03509 -0.001581	-9.463e-06	-0.009395	-0.0001722	0.1471 	0.03705 -0.001930	0.0004429	-0.01018	0.0002037
30		0		17		0.1525 	0.04264 -0.001629	0.0003205	-0.01169	0.0007940	0.1585 	0.04506 -9.729e-05	-0.0003522	-0.01198	-0.001149
35		0		17		0.1611 	0.04813 -0.001281	-1.104e-05	-0.01320	-7.3830e-05	0.1661 	0.04949 -0.002484	-0.0006654	-0.01349	-0.0003980
40		0		17		0.1684 	0.05558 -0.0007373	-1.928e-05	-0.01488	-0.0001082	0.1771 	0.05436 -0.002454	-0.001552	-0.01380	-0.0009273
45		0		17		0.1788 	0.05935 -0.0006391	-0.0002872	-0.01464	-0.0002313	0.1966 	0.06521 -0.0001826	0.001065	-0.01598	0.0004646
50		0		17		0.1907 	0.06042 -0.0006265	0.0001869	-0.01512	4.747e-05	0.2097 	0.06791 0.0002705	-0.0006924	-0.01464	-0.001044
55		0		17		0.1981 	0.06137 -0.001571	-0.0003168	-0.01369	-0.0003928	0.2141 	0.05909 -0.002856	0.0007175	-0.01367	1.794e-05
60		0		17		0.2019 	0.06534 -0.002730	0.0004158	-0.01349	0.0001777	0.2260 	0.06063 -0.003451	-0.0009780	-0.01413	-0.001110
65		0		17		0.2096 	0.06283 -0.001132	0.0006035	-0.01283	-2.243e-05	0.2310 	0.05823 -0.007722	-0.002864	-0.01186	-0.0007719
