alpha 	beta	V		CdA_ke	ClA_ke	CsA_ke		CrAl_ke		CpAl_ke 	CyAl_ke		CdA_kw	ClA_kw	CsA_kw		CrAl_kw		CpAl_kw 	CyAl_kw
----	----	----	---		---		---			---			---			---			---		---		---			---			---			---
25		0		17		0.1356 0.03161 0.001551 	-9.541e-05	-0.007465 	-0.0003950 	0.1422 0.02566	0.002159 	-9.061e-05	-0.00676	-0.0006232 	
30		0		17		0.1440 0.03565 0.001350 	0.0003227   -0.01120 	0.0003596 	0.1487 0.03157 	0.0003426 	-8.679e-05  -0.00987 	-0.0003394 	
35		0		17		0.1538 0.04081 0.0009661 	0.0001340   -0.01335 	-0.0001635 	0.1600 0.03899 	-0.001307 	-0.0004767  -0.01234 	-0.00111 	
40		0		17		0.1625 0.04600 -0.0001189 	-4.868e-05  -0.01541 	-0.0001727 	0.1675 0.04493 	-0.003718 	-0.0002007  -0.01459 	-0.0003535 	
45		0		17		0.1743 0.05290 0.002250 	0.0003061   -0.01591 	0.0002576 	0.1837 0.05064 	-0.0002078 	-0.0002126  -0.01720 	-0.0003492 	
50		0		17		0.1873 0.06156 -0.001009 	4.708e-06   -0.01567 	-0.0002562 	0.1936 0.05897 	0.001543 	0.0004767   -0.01802 	3.553e-05 
55		0		17		0.1945 0.06566 0.004061 	0.0009439   -0.01557 	0.0006594 	0.2033 0.06614 	-0.002526 	-0.0002821  -0.02120 	-0.0001643 	
60		0		17		0.2038 0.06552 -0.002929 	-0.0009104  -0.01541 	-0.0005790 	0.2167 0.06466 	-0.008876 	-0.001330   -0.02075 	-0.0006795 	
65		0		17		0.2148 0.05934 -0.0009973 	-0.0005946  -0.01545 	-0.0003310 	0.2291 0.06090 	0.001105 	-0.0005778  -0.01832 	6.927e-06 
    
	