beta 	alpha	V		CdA_ke	ClA_ke		CsA_ke		CrAl_ke		CpAl_ke		CyAl_ke		CdA_kw	ClA_kw		CsA_kw		CrAl_kw		CpAl_kw		CyAl_kw	
----	----	----	----	----		----	    ----		----		----	    ----	----		----		----		----		----	
0		90		17		0.2307 0.01618 		-0.0008734 	-0.0006116	-0.007977 	7.664e-05	0.2478 0.01347 		0.003774 	0.001396	-0.007983 	0.0002433
10	   	90		17		0.2322 0.007428 	0.003325 	0.006357    -0.007642 	0.001233 	0.2447 -0.001200 	0.008030 	0.006094    -0.007358 	8.557e-05
20	   	90		17		0.2434 -0.001556 	-0.001036 	0.01210     -0.01154 	0.003308 	0.2513 -0.003280 	0.003864 	0.009611    -0.01077 	0.001987 
30		90		17      0.2535 -0.006321 	-0.005315 	0.02034     -0.01391 	0.005074 	0.2601 -0.0007217 	0.009282 	0.01448     -0.01384 	0.003227 
40	   	90		17		0.2562 -0.008734	-0.02426 	0.02487     -0.01131 	0.005180 	0.2627 -0.003211 	-0.009355 	0.01577     -0.01088 	0.003628 
50	   	90		17		0.2539 -0.01858 	-0.02706 	0.03047     -0.007094 	0.005634 	0.2612 -0.008510 	-0.01936 	0.01916     -0.007650 	0.005269 
60		90		17		0.2478 -0.006643 	-0.03269 	0.02860     -0.003483 	0.006642 	0.2631 -0.002412 	-0.01715 	0.02010     -0.003778 	0.006849 
70		90		17      0.2275 -0.002608 	-0.03398 	0.02725     -0.0003368 	0.007562 	0.2384 0.0003920 	-0.01381 	0.02105     -0.001955 	0.007232 
80		90		17      0.2076 -0.001790 	-0.02031 	0.02157     -0.001571 	0.005747 	0.2126 -0.004678 	-0.004891 	0.01735     -0.001923 	0.006707 
90	    90		17		0.1940 0.002073 	-0.006380 	0.01557     -0.004947 	0.003768 	0.2022 0.003741 	0.001006 	0.007114    -0.004278 	0.004073 


 		
 	
 	
	
	
	
	
	
	
	
	
